0.1428571429
0.2000000000
0.2500000000
0.2577803075
0.2654575550
0.2730383641
0.2805287529
0.2879342142
0.2952597813
0.3025100825
0.3096893887
0.3168016531
0.3238505453
0.3308394816
0.3377716502
0.3446500340
0.3514774302
0.3582564673
0.3649896207
0.3716792259
0.3783274906
0.3849365055
0.3915082537
0.3980446190
0.4045473941
0.4110182872
0.4174589284
0.4238708752
0.4302556179
0.4366145839
0.4429491425
0.4492606082
0.4555502448
0.4618192682
0.4680688499
0.4743001191
0.4805141661
0.4867120438
0.4928947704
0.4990633313
0.5052186808
0.5113617441
0.5174934185
0.5236145754
0.5297260612
0.5358286992
0.5419232900
0.5480106134
0.5540914290
0.5601664773
0.5662364809
0.5723021447
0.5783641577
0.5844231929
0.5904799084
0.5965349481
0.6025889422
0.6086425083
0.6146962510
0.6207507635
0.6268066274
0.6328644136
0.6389246825
0.6449879846
0.6510548608
0.6571258429
0.6632014541
0.6692822088
0.6753686137
0.6814611676
0.6875603619
0.6936666809
0.6997806020
0.7059025960
0.7120331275
0.7181726548
0.7243216305
0.7304805016
0.7366497097
0.7428296910
0.7490208769
0.7552236940
0.7614385642
0.7676659048
0.7739061292
0.7801596462
0.7864268609
0.7927081746
0.7990039848
0.8053146856
0.8116406674
0.8179823177
0.8243400206
0.8307141572
0.8371051057
0.8435132414
0.8499389372
0.8563825629
0.8628444863
0.8693250724
0.8758246842
0.8823436822
0.8888824250
0.8954412690
0.9020205687
0.9086206768
0.9152419439
0.9218847193
0.9285493503
0.9352361827
0.9419455608
0.9486778275
0.9554333242
0.9622123911
0.9690153671
0.9758425897
0.9826943957
0.9895711204
0.9964730981
1.0000000000
